image: museum.pgm
resolution: 0.050000
origin: [-19.780513, -2.979950, 0.000000]
negate: 0
occupied_thresh: 0.65
free_thresh: 0.196

